1 60.0 27.0 325.0 304.0
2 139.0 30.0 153.0 264.0
3 14.0 112.0 388.0 186.0
4 112.0 90.0 255.0 242.0
5 70.0 50.0 134.0 303.0
6 33.0 53.0 251.0 395.0
7 7.0 75.0 420.0 262.0
8 78.0 86.0 333.0 158.0
9 112.0 76.0 221.0 189.0
10 27.0 4.0 199.0 201.0
11 1.0 52.0 342.0 260.0
12 47.0 21.0 179.0 249.0
13 36.0 32.0 197.0 457.0
14 37.0 40.0 262.0 184.0
15 23.0 80.0 395.0 237.0
16 141.0 87.0 256.0 211.0
17 40.0 38.0 254.0 209.0
18 45.0 58.0 254.0 249.0
19 135.0 83.0 304.0 181.0
20 23.0 195.0 255.0 122.0
21 11.0 77.0 281.0 139.0
22 5.0 4.0 210.0 130.0
23 154.0 93.0 188.0 165.0
24 50.0 25.0 156.0 139.0
25 172.0 106.0 265.0 214.0
26 37.0 61.0 409.0 180.0
27 65.0 62.0 309.0 345.0
28 1.0 2.0 499.0 286.0
29 97.0 3.0 235.0 254.0
30 90.0 29.0 224.0 211.0
31 38.0 15.0 314.0 301.0
32 20.0 91.0 416.0 203.0
33 82.0 52.0 260.0 260.0
34 66.0 115.0 360.0 214.0
35 19.0 18.0 464.0 294.0
36 72.0 40.0 286.0 225.0
37 216.0 119.0 221.0 154.0
38 40.0 4.0 368.0 445.0
39 69.0 57.0 199.0 141.0
40 130.0 29.0 202.0 393.0
41 53.0 46.0 302.0 317.0
42 25.0 17.0 368.0 299.0
43 137.0 64.0 287.0 156.0
44 111.0 42.0 133.0 219.0
45 58.0 51.0 388.0 211.0
46 13.0 28.0 212.0 283.0
47 5.0 127.0 496.0 131.0
48 113.0 260.0 127.0 130.0
49 49.0 69.0 253.0 211.0
50 24.0 144.0 433.0 130.0
51 151.0 152.0 310.0 200.0
52 157.0 45.0 103.0 324.0
53 60.0 29.0 432.0 355.0
54 131.0 36.0 212.0 304.0
55 152.0 86.0 120.0 141.0
56 2.0 45.0 189.0 120.0
57 214.0 87.0 204.0 179.0
58 46.0 24.0 197.0 117.0
59 72.0 29.0 224.0 262.0
60 96.0 77.0 260.0 170.0
61 144.0 40.0 333.0 165.0
62 202.0 28.0 164.0 340.0
63 72.0 68.0 383.0 225.0
64 60.0 128.0 438.0 106.0
65 32.0 35.0 259.0 361.0
66 41.0 79.0 387.0 202.0
67 156.0 35.0 126.0 259.0
68 108.0 123.0 230.0 149.0
69 82.0 75.0 308.0 260.0
70 89.0 172.0 108.0 146.0
71 83.0 124.0 211.0 250.0
72 75.0 80.0 375.0 277.0
73 41.0 31.0 384.0 260.0
74 45.0 31.0 268.0 306.0
75 38.0 91.0 316.0 193.0
76 137.0 72.0 202.0 211.0
77 15.0 25.0 409.0 274.0
78 193.0 46.0 202.0 195.0
79 99.0 115.0 316.0 284.0
80 71.0 50.0 312.0 236.0
81 67.0 25.0 358.0 248.0
82 109.0 13.0 276.0 295.0
83 35.0 114.0 418.0 216.0
84 41.0 89.0 378.0 304.0
85 8.0 75.0 350.0 424.0
86 157.0 36.0 195.0 365.0
87 30.0 7.0 437.0 321.0
88 58.0 91.0 332.0 256.0
89 84.0 25.0 285.0 307.0
90 193.0 53.0 244.0 254.0
91 119.0 42.0 118.0 123.0
92 18.0 60.0 459.0 239.0
93 135.0 120.0 201.0 138.0
94 45.0 10.0 322.0 281.0
95 120.0 60.0 101.0 218.0
96 151.0 23.0 274.0 351.0
97 46.0 71.0 403.0 280.0
98 118.0 19.0 222.0 294.0
99 24.0 53.0 361.0 181.0
100 13.0 58.0 473.0 243.0
101 125.0 72.0 306.0 149.0
102 92.0 47.0 331.0 260.0
103 152.0 41.0 187.0 271.0
104 83.0 90.0 245.0 394.0
105 127.0 55.0 252.0 182.0
106 116.0 18.0 283.0 314.0
107 64.0 94.0 287.0 223.0
108 138.0 88.0 120.0 156.0
109 43.0 62.0 286.0 432.0
110 148.0 115.0 149.0 193.0
111 136.0 66.0 171.0 243.0
112 140.0 100.0 237.0 199.0
113 31.0 52.0 377.0 172.0
114 26.0 53.0 331.0 211.0
115 183.0 80.0 237.0 200.0
116 128.0 109.0 221.0 198.0
117 165.0 48.0 166.0 268.0
118 145.0 42.0 182.0 288.0
119 92.0 69.0 366.0 269.0
120 77.0 93.0 163.0 178.0
121 196.0 96.0 222.0 147.0
122 102.0 128.0 396.0 148.0
123 105.0 133.0 168.0 283.0
124 169.0 41.0 180.0 249.0
125 1.0 134.0 316.0 345.0
126 36.0 63.0 448.0 252.0
127 92.0 117.0 327.0 121.0
128 55.0 49.0 176.0 150.0
129 206.0 107.0 140.0 115.0
130 98.0 24.0 240.0 313.0
131 114.0 30.0 205.0 281.0
132 75.0 2.0 397.0 330.0
133 86.0 57.0 130.0 270.0
134 49.0 75.0 366.0 157.0
135 33.0 118.0 235.0 173.0
136 121.0 74.0 149.0 134.0
137 134.0 96.0 123.0 289.0
138 165.0 34.0 288.0 296.0
139 98.0 140.0 181.0 247.0
140 6.0 1.0 493.0 497.0
141 89.0 168.0 160.0 245.0
142 9.0 67.0 312.0 252.0
143 1.0 14.0 250.0 248.0
144 1.0 15.0 415.0 302.0
145 191.0 51.0 233.0 253.0
146 0.0 67.0 212.0 163.0
147 122.0 35.0 377.0 297.0
148 105.0 77.0 267.0 159.0
149 16.0 36.0 190.0 289.0
150 12.0 9.0 466.0 307.0
151 14.0 39.0 455.0 167.0
152 165.0 55.0 128.0 219.0
153 37.0 35.0 142.0 141.0
154 113.0 91.0 287.0 153.0
155 15.0 46.0 410.0 338.0
156 145.0 104.0 217.0 215.0
157 136.0 6.0 222.0 340.0
158 22.0 13.0 325.0 428.0
159 0.0 0.0 400.0 378.0
160 139.0 33.0 337.0 319.0
161 247.0 62.0 217.0 251.0
162 123.0 46.0 267.0 408.0
163 55.0 65.0 319.0 364.0
164 0.0 74.0 443.0 200.0
165 14.0 7.0 477.0 327.0
166 22.0 98.0 449.0 192.0
167 27.0 37.0 283.0 232.0
168 96.0 58.0 246.0 351.0
169 177.0 13.0 174.0 333.0
170 132.0 82.0 268.0 206.0
171 150.0 44.0 156.0 192.0
172 37.0 18.0 222.0 290.0
173 209.0 1.0 145.0 326.0
174 236.0 36.0 123.0 115.0
175 95.0 65.0 379.0 185.0
176 20.0 18.0 314.0 367.0
177 19.0 9.0 183.0 405.0
178 77.0 38.0 171.0 158.0
179 214.0 30.0 151.0 327.0
180 17.0 87.0 433.0 262.0
181 140.0 76.0 141.0 297.0
182 62.0 108.0 308.0 310.0
183 113.0 88.0 216.0 268.0
184 61.0 41.0 230.0 414.0
185 226.0 140.0 163.0 109.0
186 63.0 90.0 435.0 199.0
187 115.0 62.0 323.0 286.0
188 71.0 43.0 320.0 245.0
189 200.0 149.0 111.0 117.0
190 166.0 113.0 233.0 152.0
191 170.0 73.0 145.0 212.0
192 62.0 28.0 234.0 355.0
193 86.0 100.0 161.0 329.0
194 61.0 52.0 377.0 290.0
195 205.0 140.0 182.0 173.0
196 228.0 28.0 187.0 281.0
197 166.0 86.0 207.0 214.0
198 174.0 29.0 264.0 370.0
199 102.0 103.0 209.0 342.0
200 103.0 46.0 174.0 328.0
201 165.0 86.0 126.0 156.0
202 92.0 94.0 213.0 295.0
203 102.0 56.0 117.0 176.0
204 247.0 135.0 106.0 171.0
205 68.0 157.0 242.0 220.0
206 24.0 58.0 432.0 238.0
207 169.0 105.0 220.0 221.0
208 131.0 101.0 175.0 230.0
209 147.0 142.0 148.0 208.0
210 178.0 28.0 124.0 286.0
211 65.0 54.0 154.0 374.0
212 184.0 99.0 117.0 193.0
213 115.0 59.0 329.0 255.0
214 120.0 144.0 239.0 257.0
215 22.0 103.0 233.0 314.0
216 34.0 138.0 287.0 158.0
217 143.0 70.0 166.0 255.0
218 110.0 67.0 389.0 233.0
219 187.0 60.0 134.0 255.0
220 110.0 75.0 128.0 256.0
221 290.0 97.0 145.0 142.0
222 45.0 43.0 270.0 342.0
223 58.0 54.0 441.0 320.0
224 160.0 65.0 156.0 234.0
225 89.0 34.0 228.0 339.0
226 94.0 22.0 222.0 470.0
227 123.0 49.0 306.0 200.0
228 110.0 52.0 219.0 368.0
229 122.0 64.0 176.0 338.0
230 188.0 151.0 197.0 115.0
231 91.0 53.0 250.0 221.0
232 116.0 37.0 144.0 453.0
233 114.0 86.0 302.0 285.0
234 155.0 118.0 222.0 184.0
235 156.0 25.0 198.0 349.0
236 215.0 59.0 111.0 353.0
237 55.0 46.0 121.0 119.0
238 183.0 98.0 114.0 217.0
239 204.0 60.0 152.0 281.0
240 48.0 68.0 167.0 414.0
241 101.0 64.0 165.0 404.0
242 52.0 51.0 278.0 448.0
243 22.0 45.0 225.0 373.0
244 1.0 14.0 295.0 224.0
245 25.0 39.0 247.0 460.0
246 124.0 116.0 235.0 245.0
247 39.0 59.0 175.0 212.0
248 32.0 43.0 138.0 128.0
249 130.0 59.0 176.0 400.0
250 31.0 9.0 139.0 255.0
251 156.0 54.0 236.0 423.0
252 11.0 8.0 201.0 302.0
253 113.0 15.0 217.0 312.0
254 5.0 25.0 308.0 459.0
255 45.0 23.0 256.0 447.0
256 10.0 69.0 220.0 299.0
257 34.0 141.0 251.0 331.0
258 114.0 75.0 143.0 338.0
259 53.0 62.0 142.0 280.0
260 84.0 101.0 117.0 251.0
261 30.0 132.0 176.0 234.0
262 98.0 57.0 122.0 286.0
263 60.0 54.0 226.0 264.0
264 252.0 54.0 111.0 211.0
265 118.0 9.0 271.0 466.0
266 58.0 50.0 128.0 191.0
267 209.0 22.0 196.0 128.0
268 317.0 96.0 129.0 269.0
269 52.0 63.0 295.0 424.0
270 60.0 66.0 263.0 396.0
271 236.0 125.0 147.0 113.0
272 0.0 0.0 500.0 375.0
273 189.0 235.0 105.0 143.0
274 78.0 73.0 108.0 120.0
275 130.0 145.0 146.0 117.0
276 177.0 146.0 186.0 173.0
277 133.0 20.0 309.0 355.0
278 38.0 17.0 388.0 359.0
279 6.0 6.0 277.0 422.0
280 177.0 27.0 177.0 387.0
281 10.0 157.0 183.0 274.0
282 120.0 82.0 121.0 143.0
283 82.0 22.0 387.0 362.0
284 90.0 125.0 180.0 313.0
285 205.0 94.0 193.0 212.0
286 144.0 31.0 192.0 333.0
287 59.0 34.0 281.0 450.0
288 89.0 52.0 136.0 174.0
289 99.0 102.0 195.0 209.0
290 96.0 61.0 190.0 205.0
291 92.0 90.0 126.0 202.0
292 23.0 78.0 254.0 326.0
293 28.0 133.0 167.0 278.0
294 5.0 4.0 131.0 149.0
295 157.0 50.0 186.0 292.0
296 54.0 118.0 195.0 297.0
297 57.0 90.0 300.0 313.0
298 42.0 36.0 204.0 338.0
299 81.0 107.0 192.0 329.0
300 103.0 89.0 107.0 143.0
301 74.0 89.0 104.0 152.0
302 95.0 111.0 227.0 310.0
303 62.0 65.0 146.0 240.0
304 69.0 59.0 203.0 220.0
305 120.0 37.0 205.0 262.0
306 24.0 21.0 241.0 417.0
307 75.0 58.0 268.0 222.0
308 52.0 35.0 373.0 371.0
309 56.0 54.0 135.0 240.0
310 14.0 8.0 179.0 207.0
311 120.0 120.0 203.0 101.0
312 116.0 95.0 272.0 222.0
313 80.0 82.0 151.0 162.0
314 109.0 94.0 164.0 212.0
315 31.0 107.0 170.0 218.0
316 1.0 106.0 192.0 296.0
317 95.0 69.0 161.0 130.0
318 17.0 25.0 178.0 237.0
319 175.0 217.0 157.0 179.0
320 122.0 70.0 228.0 261.0
321 85.0 87.0 147.0 232.0
322 134.0 74.0 132.0 162.0
323 21.0 10.0 389.0 461.0
324 71.0 77.0 268.0 344.0
325 138.0 55.0 338.0 259.0
326 56.0 89.0 189.0 373.0
327 13.0 42.0 349.0 312.0
328 106.0 92.0 197.0 288.0
329 194.0 139.0 111.0 245.0
330 71.0 66.0 146.0 228.0
331 117.0 45.0 106.0 188.0
332 40.0 22.0 113.0 151.0
333 66.0 87.0 205.0 278.0
334 68.0 133.0 276.0 301.0
335 138.0 73.0 291.0 312.0
336 145.0 94.0 124.0 163.0
337 126.0 147.0 169.0 245.0
338 162.0 11.0 174.0 364.0
339 120.0 172.0 183.0 278.0
340 88.0 96.0 222.0 385.0
341 185.0 6.0 158.0 317.0
342 105.0 96.0 247.0 318.0
343 94.0 92.0 225.0 340.0
344 112.0 31.0 162.0 278.0
345 50.0 164.0 189.0 279.0
346 149.0 64.0 280.0 270.0
347 48.0 107.0 213.0 319.0
348 92.0 39.0 191.0 200.0
349 123.0 32.0 364.0 276.0
350 81.0 141.0 173.0 346.0
351 218.0 48.0 226.0 237.0
352 50.0 81.0 149.0 213.0
353 169.0 89.0 229.0 240.0
354 61.0 83.0 236.0 141.0
355 60.0 49.0 176.0 142.0
356 33.0 72.0 362.0 239.0
357 164.0 84.0 178.0 228.0
358 90.0 100.0 225.0 314.0
359 65.0 47.0 191.0 116.0
360 248.0 170.0 141.0 226.0
361 114.0 92.0 229.0 326.0
362 78.0 61.0 411.0 279.0
363 185.0 49.0 232.0 272.0
364 81.0 62.0 189.0 412.0
365 142.0 111.0 198.0 327.0
366 90.0 57.0 224.0 417.0
367 9.0 40.0 109.0 129.0
368 0.0 22.0 197.0 261.0
369 48.0 82.0 234.0 309.0
370 123.0 30.0 259.0 347.0
371 47.0 76.0 181.0 249.0
372 49.0 155.0 230.0 244.0
373 9.0 12.0 154.0 137.0
374 86.0 90.0 168.0 355.0
375 73.0 67.0 177.0 401.0
376 178.0 129.0 135.0 155.0
377 28.0 72.0 438.0 167.0
378 172.0 148.0 217.0 135.0
379 0.0 10.0 495.0 312.0
380 0.0 6.0 360.0 386.0
381 3.0 78.0 465.0 254.0
382 30.0 112.0 357.0 177.0
383 76.0 61.0 161.0 102.0
384 202.0 67.0 209.0 296.0
385 160.0 87.0 115.0 103.0
386 49.0 19.0 174.0 105.0
387 90.0 98.0 210.0 311.0
388 69.0 60.0 356.0 252.0
389 127.0 108.0 234.0 115.0
390 54.0 99.0 297.0 116.0
391 126.0 82.0 161.0 132.0
392 46.0 38.0 299.0 157.0
393 52.0 75.0 171.0 177.0
394 14.0 34.0 370.0 188.0
395 87.0 7.0 366.0 261.0
396 105.0 54.0 304.0 166.0
397 48.0 61.0 369.0 283.0
398 77.0 77.0 233.0 110.0
399 127.0 92.0 174.0 153.0
400 25.0 43.0 251.0 165.0
401 23.0 47.0 329.0 174.0
402 88.0 37.0 231.0 191.0
403 8.0 18.0 289.0 260.0
404 96.0 79.0 313.0 112.0
405 51.0 27.0 138.0 110.0
406 71.0 84.0 410.0 326.0
407 86.0 42.0 277.0 183.0
408 33.0 168.0 247.0 102.0
409 56.0 71.0 146.0 175.0
410 72.0 35.0 133.0 105.0
411 20.0 20.0 132.0 105.0
412 19.0 36.0 356.0 301.0
413 40.0 31.0 155.0 109.0
414 13.0 107.0 330.0 146.0
415 59.0 15.0 266.0 175.0
416 31.0 119.0 248.0 166.0
417 145.0 103.0 222.0 189.0
418 161.0 82.0 165.0 149.0
419 109.0 72.0 270.0 233.0
420 146.0 96.0 285.0 149.0
421 54.0 75.0 304.0 229.0
422 227.0 130.0 188.0 102.0
423 4.0 29.0 495.0 470.0
424 157.0 111.0 106.0 100.0
425 107.0 34.0 390.0 282.0
426 7.0 122.0 296.0 364.0
427 90.0 77.0 192.0 313.0
428 77.0 41.0 245.0 285.0
429 90.0 119.0 181.0 310.0
430 104.0 120.0 199.0 158.0
431 76.0 77.0 293.0 275.0
432 73.0 72.0 410.0 192.0
433 117.0 48.0 324.0 205.0
434 102.0 104.0 327.0 180.0
435 201.0 114.0 236.0 191.0
436 192.0 181.0 296.0 171.0
437 42.0 37.0 341.0 221.0
438 71.0 144.0 189.0 319.0
439 85.0 137.0 290.0 193.0
440 166.0 53.0 211.0 249.0
441 153.0 77.0 257.0 251.0
442 101.0 95.0 243.0 192.0
443 64.0 27.0 328.0 211.0
444 50.0 42.0 222.0 319.0
445 212.0 111.0 164.0 124.0
446 271.0 32.0 124.0 453.0
447 161.0 41.0 175.0 374.0
448 47.0 26.0 377.0 267.0
449 214.0 98.0 228.0 266.0
450 103.0 83.0 186.0 155.0
451 9.0 104.0 321.0 172.0
452 128.0 38.0 251.0 270.0
453 101.0 63.0 233.0 187.0
454 76.0 25.0 153.0 151.0
455 204.0 14.0 283.0 267.0
456 202.0 143.0 140.0 153.0
457 149.0 48.0 277.0 187.0
458 159.0 72.0 291.0 170.0
459 96.0 114.0 291.0 155.0
460 144.0 88.0 264.0 189.0
461 16.0 80.0 417.0 254.0
462 28.0 34.0 417.0 318.0
463 56.0 83.0 277.0 321.0
464 140.0 53.0 191.0 261.0
465 48.0 86.0 126.0 104.0
466 134.0 126.0 207.0 270.0
467 242.0 71.0 207.0 174.0
468 74.0 112.0 237.0 239.0
469 117.0 86.0 368.0 197.0
470 147.0 29.0 293.0 280.0
471 54.0 33.0 232.0 322.0
472 35.0 18.0 373.0 332.0
473 9.0 16.0 488.0 339.0
474 3.0 43.0 384.0 384.0
475 73.0 112.0 190.0 300.0
476 62.0 33.0 437.0 341.0
477 58.0 48.0 291.0 395.0
478 65.0 224.0 323.0 238.0
479 214.0 42.0 222.0 290.0
480 218.0 82.0 234.0 294.0
481 21.0 43.0 405.0 328.0
482 82.0 52.0 326.0 376.0
483 95.0 73.0 282.0 320.0
484 187.0 129.0 131.0 226.0
485 130.0 124.0 351.0 205.0
486 138.0 137.0 126.0 260.0
487 110.0 144.0 171.0 156.0
488 218.0 39.0 205.0 360.0
489 75.0 74.0 255.0 190.0
490 208.0 180.0 100.0 108.0
491 147.0 39.0 137.0 277.0
492 141.0 148.0 173.0 174.0
493 204.0 101.0 180.0 122.0
494 21.0 178.0 290.0 145.0
495 88.0 101.0 234.0 182.0
496 112.0 143.0 218.0 219.0
497 77.0 95.0 155.0 222.0
498 39.0 128.0 295.0 188.0
499 159.0 90.0 109.0 139.0
500 121.0 103.0 354.0 191.0
501 74.0 15.0 425.0 316.0
502 15.0 90.0 366.0 204.0
503 142.0 68.0 332.0 212.0
504 82.0 60.0 282.0 211.0
505 52.0 142.0 251.0 202.0
506 4.0 67.0 457.0 260.0
507 149.0 137.0 210.0 201.0
508 136.0 97.0 150.0 170.0
509 142.0 49.0 356.0 242.0
510 72.0 53.0 415.0 182.0
511 116.0 81.0 256.0 193.0
512 60.0 68.0 265.0 367.0
513 115.0 106.0 185.0 338.0
514 82.0 92.0 317.0 365.0
515 108.0 39.0 124.0 173.0
516 2.0 58.0 477.0 258.0
517 200.0 75.0 219.0 242.0
518 36.0 97.0 296.0 328.0
519 41.0 28.0 438.0 274.0
520 156.0 45.0 168.0 251.0
521 25.0 56.0 356.0 402.0
522 53.0 158.0 253.0 186.0
523 63.0 106.0 242.0 307.0
524 108.0 54.0 349.0 280.0
525 189.0 139.0 223.0 186.0
526 85.0 151.0 160.0 205.0
527 237.0 137.0 196.0 223.0
528 184.0 93.0 234.0 167.0
529 104.0 78.0 267.0 268.0
530 29.0 98.0 398.0 221.0
531 94.0 115.0 253.0 122.0
532 75.0 84.0 294.0 221.0
533 228.0 137.0 194.0 225.0
534 255.0 125.0 158.0 116.0
535 103.0 83.0 185.0 409.0
536 193.0 129.0 153.0 150.0
537 50.0 146.0 152.0 102.0
538 95.0 145.0 194.0 228.0
539 170.0 97.0 191.0 224.0
540 141.0 84.0 259.0 228.0
541 17.0 24.0 457.0 450.0
542 145.0 88.0 304.0 195.0
543 133.0 61.0 255.0 215.0
